ymin=  9218.000000
ymean= 9518.196190
ybase= 9282.913907
ymax=  9972.000000
ysd=   252.899387
ysdb=   0.000000
Npoints= 7717
Ninbase= 13
Ncontou= 27
Nbins=   755
Npeaks=   11
